// 0 - novice, 1 - swordman, 2 - mage, 3 - archer, 4 - acolyte, 5 - merchant, 6 - thief, 7 - knight, 8 - priest, 9 - wizard, 10 - blacksmith, 11 - hunter, 12 - assassin, 13 - peco ride knight, 14 - crusader, 15 - monk, 16 - sage, 17 - rouge, 18 - alchemist, 19 - bard, 20 - dancer, 21 - peco ride crusader
// ペコペコに乗った場合の物は未実装(て言うか本鯖にも適用されてませんが,,,)
// 装備職業が99の場合は全ての職業が装備できる物になる
// アイテム番号,アイテム名前(ダミー),装備職業1,装備職業2,装備職業3, ...... ,装備職業22
// ID,Name,equip class1,equip class2,equip class3, ...... ,equip class22

1101,Sword,0,1,5,6,7,10,12,14,17,18,21
1102,Sword_,0,1,5,6,7,10,12,14,17,18,21
1103,Sword__,0,1,5,6,7,10,12,14,17,18,21
1104,Falchion,0,1,5,6,7,10,12,14,17,18,21
1105,Falchion_,0,1,5,6,7,10,12,14,17,18,21
1106,Falchion__,0,1,5,6,7,10,12,14,17,18,21
1107,Blade,0,1,5,6,7,10,12,14,17,18,21
1108,Blade_,0,1,5,6,7,10,12,14,17,18,21
1109,Blade__,0,1,5,6,7,10,12,14,17,18,21
1110,Lapier,0,1,5,6,7,10,12,14,17,18,21
1111,Lapier_,0,1,5,6,7,10,12,14,17,18,21
1112,Lapier__,0,1,5,6,7,10,12,14,17,18,21
1113,Scimiter,0,1,5,6,7,10,12,14,17,18,21
1114,Scimiter_,0,1,5,6,7,10,12,14,17,18,21
1115,Scimiter__,0,1,5,6,7,10,12,14,17,18,21
1116,Katana,1,7,14,21
1117,Katana_,1,7,14,21
1118,Katana__,1,7,14,21
1119,Tsurugi,0,1,5,6,7,10,12,14,17,18,21
1120,Tsurugi_,0,1,5,6,7,10,12,14,17,18,21
1121,Tsurugi__,0,1,5,6,7,10,12,14,17,18,21
1122,Ring_pommel_Saber,0,1,5,6,7,10,12,14,17,18,21
1123,Haedonggum,0,1,5,6,7,10,12,14,17,18,21
1124,Orcish_sword,0,1,5,6,7,10,12,14,17,18,21
1125,Ring_pommel_Saber_,0,1,5,6,7,10,12,14,17,18,21
1126,Saber,0,1,5,6,7,10,12,14,17,18,21
1127,Saber_,0,1,5,6,7,10,12,14,17,18,21
1128,Hae_Dong_Gum_,0,1,5,6,7,10,12,14,17,18,21
1129,Flamberge,7,14
1130,Nagan,0,1,5,6,7,10,12,14,17,18,21
1131,Ice_Falchon,0,1,5,6,7,10,12,14,17,18,21
1132,Edge,0,1,5,6,7,10,12,14,17,18,21
1133,Fire_brand,0,1,5,6,7,10,12,14,17,18,21
1134,Scissores_Sword,0,1,5,6,7,10,12,14,17,18,21
1135,Cutlas,0,1,5,6,7,10,12,14,17,18,21
1136,Solar_Sword,0,1,5,6,7,10,12,14,17,18,21
1137,Excalibur,0,1,5,6,7,10,12,14,17,18,21
1138,Mysteltainn_,0,1,5,6,7,10,12,14,17,18,21
1139,Tale_Fing,0,1,5,6,7,10,12,14,17,18,21
1140,Byeorrun_Gum,0,1,5,6,7,10,12,14,17,18,21
1141,Immaterial_Sword,0,1,5,6,7,10,12,14,17,18,21
1142,Center_Potion,0,1,5,6,7,10,12,14,17,18,21
1143,Guy_Smallness,0,1,5,6,7,10,12,14,17,18,21
1144,Strabismus,0,1,5,6,7,10,12,14,17,18,21
1151,Slayer,1,7,14,21
1152,Slayer_,1,7,14,21
1153,Slayer__,1,7,14,21
1154,Bastard_Sword,1,7,14,21
1155,Bastard_Sword_,1,7,14,21
1156,Bastard_Sword__,1,7,14,21
1157,Two_hand_Sword,1,7,14,21
1158,Two_hand_Sword_,1,7,14,21
1159,Two_hand_Sword__,1,7,14,21
1160,Broad_Sword,1,7,14,21
1161,Balmung,99
1162,Broad_Sword_,1,7,14,21
1163,Claymore,1,7,14,21
1164,Muramasa,1,7,14,21
1165,Masamune,1,7,14,21
1166,Dragon_Slayer,1,7,14,21
1167,Schweizersabel,1,7,14,21
1168,Zweihander,1,7,14,21
1169,Executioner_,1,7,14,21
1170,Katzbalger,1,7,14,21
1201,Knife,0,1,2,3,5,6,7,9,10,11,12,14,16,17,18,19,20,21
1202,Knife_,0,1,2,3,5,6,7,9,10,11,12,14,16,17,18,19,20,21
1203,Knife__,0,1,2,3,5,6,7,9,10,11,12,14,16,17,18,19,20,21
1204,Cutter,0,1,2,3,5,6,7,9,10,11,12,14,16,17,18,19,20,21
1205,Cutter_,0,1,2,3,5,6,7,9,10,11,12,14,16,17,18,19,20,21
1206,Cutter__,0,1,2,3,5,6,7,9,10,11,12,14,16,17,18,19,20,21
1207,Main_gauche,0,1,2,3,5,6,7,9,10,11,12,14,16,17,18,19,20,21
1208,Main_gauche_,0,1,2,3,5,6,7,9,10,11,12,14,16,17,18,19,20,21
1209,Main_gauche__,0,1,2,3,5,6,7,9,10,11,12,14,16,17,18,19,20,21
1210,Dirk,0,1,2,3,5,6,7,9,10,11,12,14,16,17,18,19,20,21
1211,Dirk_,0,1,2,3,5,6,7,9,10,11,12,14,16,17,18,19,20,21
1212,Dirk__,0,1,2,3,5,6,7,9,10,11,12,14,16,17,18,19,20,21
1213,Dagger,0,1,2,3,5,6,7,9,10,11,12,14,16,17,18,19,20,21
1214,Dagger_,0,1,2,3,5,6,7,9,10,11,12,14,16,17,18,19,20,21
1215,Dagger__,0,1,2,3,5,6,7,9,10,11,12,14,16,17,18,19,20,21
1216,Stiletto,0,1,2,3,5,6,7,9,10,11,12,14,16,17,18,19,20,21
1217,Stiletto_,0,1,2,3,5,6,7,9,10,11,12,14,16,17,18,19,20,21
1218,Stiletto__,0,1,2,3,5,6,7,9,10,11,12,14,16,17,18,19,20,21
1219,Gladius,0,1,2,3,5,6,7,9,10,11,12,14,16,17,18,19,20,21
1220,Gladius_,0,1,2,3,5,6,7,9,10,11,12,14,16,17,18,19,20,21
1221,Gladius__,0,1,2,3,5,6,7,9,10,11,12,14,16,17,18,19,20,21
1222,Damascus,0,1,2,3,5,6,7,9,10,11,12,14,16,17,18,19,20,21
1223,Forturn_Sword,0,1,2,3,5,6,7,9,10,11,12,14,16,17,18,19,20,21
1224,Sword_Breaker,0,1,2,3,5,6,7,9,10,11,12,14,16,17,18,19,20,21
1225,Mail_Breaker,0,1,2,3,5,6,7,9,10,11,12,14,16,17,18,19,20,21
1226,Damascus_,0,1,2,3,5,6,7,9,10,11,12,14,16,17,18,19,20,21
1227,Weeder_Knife,0,1,2,3,5,6,7,9,10,11,12,14,16,17,18,19,20,21
1228,Combat_Knife,0,1,2,3,5,6,7,9,10,11,12,14,16,17,18,19,20,21
1229,Mama's_Knife,0,1,2,3,5,6,7,9,10,11,12,14,16,17,18,19,20,21
1230,House_Auger,0,1,2,3,5,6,7,9,10,11,12,14,16,17,18,19,20,21
1231,Bazerald,0,1,2,3,5,6,7,9,10,11,12,14,16,17,18,19,20,21
1232,Assasin_Dagger,0,1,2,3,5,6,7,9,10,11,12,14,16,17,18,19,20,21
1233,Exercise,0,1,2,3,5,6,7,9,10,11,12,14,16,17,18,19,20,21
1234,Moonlight_Sword,0,1,2,3,5,6,7,9,10,11,12,14,16,17,18,19,20,21
1235,Azoth,0,1,2,3,5,6,7,9,10,11,12,14,16,17,18,19,20,21
1236,Sucsamad,0,1,2,3,5,6,7,9,10,11,12,14,16,17,18,19,20,21
1237,Grimtooth,0,1,2,3,5,6,7,9,10,11,12,14,16,17,18,19,20,21
1238,Meni_Knife,0,1,2,3,5,6,7,9,10,11,12,14,16,17,18,19,20,21
1239,Poison_Knife,0,1,2,3,5,6,7,9,10,11,12,14,16,17,18,19,20,21
1240,Taxsu_Knife,0,1,2,3,5,6,7,9,10,11,12,14,16,17,18,19,20,21
1301,Axe,0,1,5,6,7,10,12,14,17,18,21
1302,Axe_,0,1,5,6,7,10,12,14,17,18,21
1303,Axe__,0,1,5,6,7,10,12,14,17,18,21
1304,Orcish_Axe,0,1,5,6,7,10,12,14,17,18,21
1305,Cleaver,0,1,5,7,10,14,18,21
1306,We_Misfortune,10
1351,Battle_Axe,1,5,7,10,14,18
1352,Battle_Axe_,1,5,7,10,14,18
1353,Battle_Axe__,1,5,7,10,14,18
1354,Hammer,1,5,7,10,14,18
1355,Hammer_,1,5,7,10,14,18
1356,Hammer__,1,5,7,10,14,18
1357,Buster,1,5,7,10,14,18
1358,Buster_,1,5,7,10,14,18
1359,Buster__,1,5,7,10,14,18
1360,Two_handed_Axe,1,5,7,10,14,18
1361,Two_handed_Axe_,1,5,7,10,14,18
1362,Two_handed_Axe__,1,5,7,10,14,18
1363,Brood_Axe,1,5,7,10,14,18
1364,Great_Axe,1,5,7,10,14,18
1365,Sabbath,1,5,7,10,14,18
1366,Right_Epsilon,1,5,7,10,14,18
1367,Slaughter,1,5,7,10,14,18
1368,Tomahawk,1,5,7,10,14,18
1369,Guillotine,1,5,7,10,14,18
1401,Javelin,1,7,14,21
1402,Javelin_,1,7,14,21
1403,Javelin__,1,7,14,21
1404,Spear,1,7,14,21
1405,Spear_,1,7,14,21
1406,Spear__,1,7,14,21
1407,Pike,1,7,14,21
1408,Pike_,1,7,14,21
1409,Pike__,1,7,14,21
1410,Lance,7,14,21
1411,Lance_,7,14,21
1412,Lance__,7,14,21
1413,Gungnir,1,7,14,21
1414,Gelerdria,1,7,14,21
1415,Skewer,1,7,14,21
1416,Tjungkuletti,1,7,14,21
1417,Pawl_Misfortune,1,7,14,21
1451,Guisarme,1,7,14,21
1452,Guisarme_,1,7,14,21
1453,Guisarme__,1,7,14,21
1454,Glaive,1,7,14,21
1455,Glaive_,1,7,14,21
1456,Glaive__,1,7,14,21
1457,Partizan,1,7,14,21
1458,Partizan_,1,7,14,21
1459,Partizan__,1,7,14,21
1460,Trident,1,7,14,21
1461,Trident_,1,7,14,21
1462,Trident__,1,7,14,21
1463,Halberd,1,7,14,21
1464,Halberd_,1,7,14,21
1465,Halberd__,1,7,14,21
1501,Club,0,1,4,5,7,8,10,14,15,18
1502,Club_,0,1,4,5,7,8,10,14,15,18
1503,Club__,0,1,4,5,7,8,10,14,15,18
1504,Mace,0,1,4,5,7,8,10,14,15,18
1505,Mace_,0,1,4,5,7,8,10,14,15,18
1506,Mace__,0,1,4,5,7,8,10,14,15,18
1507,Smasher,0,1,4,5,7,8,10,14,15,18
1508,Smasher_,0,1,4,5,7,8,10,14,15,18
1509,Smasher__,0,1,4,5,7,8,10,14,15,18
1510,Flail,0,1,4,5,7,8,10,14,15,18
1511,Flail_,0,1,4,5,7,8,10,14,15,18
1512,Flail__,0,1,4,5,7,8,10,14,15,18
1513,Morning_Star,0,1,4,5,7,8,10,14,15,18
1514,Morning_Star_,0,1,4,5,7,8,10,14,15,18
1515,Morning_Star__,0,1,4,5,7,8,10,14,15,18
1516,Sword_Mace,0,1,4,5,7,8,10,14,15,18
1517,Sword_Mace_,0,1,4,5,7,8,10,14,15,18
1518,Sword_Mace__,0,1,4,5,7,8,10,14,15,18
1519,Chain,0,1,4,5,7,8,10,14,15,18
1520,Chain_,0,1,4,5,7,8,10,14,15,18
1521,Chain__,0,1,4,5,7,8,10,14,15,18
1522,Stunner,8
1523,Spike,0,1,4,5,7,8,10,14,15,18
1524,Golden_Mace,0,1,4,5,7,8,10,14,15,18
1525,Long_Mace,0,1,4,5,7,8,10,14,15,18
1526,Slash,0,1,4,5,7,8,10,14,15,18
1527,Quadrille,0,1,4,5,7,8,10,14,15,18
1528,Grand_Cross,0,1,4,5,7,8,10,14,15,18
1529,Slang_Driver,8
1530,Myolnilu,0,1,4,5,7,8,10,14,15,18
1531,Spanner,4,8,15
1550,Book,8,16
1551,Bible,8,16
1552,Tablet,8,16
1553,Book_of_Billows,8,16
1554,Book_of_Mother_Earth,8,16
1555,Book_of_Blazing_Sun,8,16
1556,Book_of_Gust_of_Wind,8,16
1557,Book_of_the_Apocalypse,8,16
1558,Girl's_Diary,8,16
1601,Rod,0,2,4,8,9,15,16
1602,Rod_,0,2,4,8,9,15,16
1603,Rod__,0,2,4,8,9,15,16
1604,Wand,0,2,4,8,9,15,16
1605,Wand_,0,2,4,8,9,15,16
1606,Wand__,0,2,4,8,9,15,16
1607,Staff,0,2,4,8,9,15,16
1608,Staff_,0,2,4,8,9,15,16
1609,Staff__,0,2,4,8,9,15,16
1610,Arc_Wand,0,2,4,8,9,15,16
1611,Arc_Wand_,0,2,4,8,9,15,16
1612,Arc_Wand__,0,2,4,8,9,15,16
1613,Mighty_Staff,2,4,8,9,15,16
1614,Blessed_Wand,0,2,4,8,9,15,16
1615,Bone_Wand,0,2,4,8,9,15,16
1701,Bow,3,6,11,17,19,20
1702,Bow_,3,6,11,17,19,20
1703,Bow__,3,6,11,17,19,20
1704,Composite_Bow,3,6,11,17,19,20
1705,Composite_Bow_,3,6,11,17,19,20
1706,Composite_Bow__,3,6,11,17,19,20
1707,Great_Bow,3,6,11,17,19,20
1708,Great_Bow_,3,6,11,17,19,20
1709,Great_Bow__,3,7,11,17,19,20
1710,CrossBow,3,6,11,17,19,20
1711,CrossBow_,3,6,11,17,19,20
1712,CrossBow__,3,6,11,17,19,20
1713,Arbalest,3,6,11,17,19,20
1714,Kakkung,3,6,11,17,19,20
1715,Arbalest_,3,6,11,17,19,20
1716,Kakkung_,3,6,11,17,19,20
1718,Hunter_Bow,11
1719,Bow_of_Roguemaster,6,17
1720,Bow_of_Rudra,3,6,11,17,19,20
1801,Waghnakh,15
1802,Waghnakh_,15
1803,Knuckle_Duster,15
1804,Knuckle_Duster_,15
1805,Hora,15
1806,Hora_,15
1807,Fist,15
1808,Fist_,15
1809,Claw,15
1810,Claw_,15
1811,Finger,15
1812,Finger_,15
1813,Kaiser_Knuckle,15
1814,Berserk,15
1901,Violin,19
1902,Violin_,19
1903,Mandolin,19
1904,Mandolin_,19
1905,Lute,19
1906,Lute_,19
1907,Guitar,19
1908,Guitar_,19
1909,Harp,19
1910,Harp_,19
1911,Guh_Moon_Goh,19
1912,Guh_Moon_Goh_,19
1950,Rope,20
1951,Rope_,20
1952,Line,20
1953,Line_,20
1954,Wire,20
1955,Wire_,20
1956,Rante,20
1957,Rante_,20
1958,Tail,20
1959,Tail_,20
1960,Whip,20
1961,Whip_,20
1962,Lariat,20
1963,Rapture_Rose,20
2101,Guard,99
2102,Guard_,99
2103,Buckler,1,4,5,6,7,8,10,12,15,17,18,19,20
2104,Buckler_,1,4,5,6,7,8,10,12,15,17,18,19,20
2105,Shield,1,7,14,21
2106,Shield_,1,7,14,21
2107,Mirror_Shield,1,7,14,21
2108,Mirror_Shield_,1,7,14,21
2109,Memory's_book,2,9,16
2201,Sunglasses,99
2202,Sunglasses_,99
2203,Glasses,99
2204,Glasses_,99
2205,Diver's_Goggles,99
2206,Wedding_Veil,99
2207,Fancy_Flower,99
2208,Ribbon,99
2209,Ribbon_,99
2210,Hair_Band,99
2211,Bandana,99
2212,Eye_Bandage,99
2213,Cat_Hairband,99
2214,Bunny_Band,99
2215,Flower_Hairband,99
2216,Biretta,4,8,15
2217,Biretta_,4,8,15
2218,Flu_Mask,99
2219,Flu_Mask_,99
2220,Hat,99
2221,Hat_,99
2222,Turban,99
2223,Turban_,99
2224,Goggle,1,5,6,7,10,12,14,17,18
2225,Goggle_,1,5,6,7,10,12,14,17,18
2226,Cap,1,5,6,7,10,12,14,17,18
2227,Cap_,1,5,6,7,10,12,14,17,18
2228,Helm,1,7,14
2229,Helm_,1,7,14
2230,Gemmed_Sallet,1,5,6,7,10,12,14,17,18
2231,Gemmed_Sallet_,1,5,6,7,10,12,14,17,18
2232,Circlet,2,4,8,9,15,16
2233,Circlet_,2,4,8,9,15,16
2234,Tiara,1,2,3,4,5,6,7,8,9,10,11,12,14,15,16,17,18,19,20,21
2235,Crown,1,2,3,4,5,6,7,8,9,10,11,12,14,15,16,17,18,19,20,21
2236,Santa's_Hat,99
2239,One_Eyed_Glass,99
2241,Granpa_Beard,99
2242,Luxury_Sunglasses,99
2243,Spinning_Eyes,99
2244,Big_Sis'_Ribbon,99
2245,Sweet_Gents,99
2246,Golden_Gear,1,2,3,4,5,6,7,8,9,10,11,12,14,15,16,17,18,19,20,21
2247,Oldman's_Romance,99
2248,Western_Grace,99
2249,Coronet,1,2,3,4,5,6,7,8,9,10,11,12,14,15,16,17,18,19,20,21
2250,Fillet,99
2251,Holy_Bonnet,4,8,15
2252,Star_Sparkling,2,9,16
2253,Sunflower,99
2254,Angelic_Chain,99
2255,Satanic_Chain,99
2256,Magestic_Goat,1,5,7,10,14,18
2257,Snowy_Horn,99
2258,Sharp_Gear,1,2,3,4,5,6,7,8,9,10,11,12,14,15,16,17,18,19,20,21
2259,Mini_Propeller,99
2260,Mini_Glasses,99
2261,Prontera_Army_Cap,1,3,5,6,7,10,11,12,14,17,18,19,20
2262,Pierrot_Nose,99
2263,Gangster_Patch,99
2264,Munak_Turban,99
2265,Ganster_Mask,99
2266,Iron_Cane,1,7,14
2267,Cigar,1,2,3,4,5,6,7,8,9,10,11,12,14,15,16,17,18,19,20,21
2268,Smoking_Pipe,1,2,3,4,5,6,7,8,9,10,11,12,14,15,16,17,18,19,20,21
2269,Centimental_Flower,99
2270,Centimental_Leaf,99
2271,Jack_a_Dandy,99
2272,Stop_Post,99
2273,Doctor_Cap,99
2274,Ghost_Bandana,99
2275,Red_Bandana,99
2276,Eagle_Eyes,99
2277,Nurse_Cap,4,8,15
2278,Mr_Smile,99
2279,Bomb_Wick,99
2280,Sahkkat,99
2281,Phantom_of_Opera,99
2282,Spirit_Chain,99
2283,Ear_Mufs,99
2284,Antler,99
2285,Apple_Of_Archer,99
2286,Elven_Ears,99
2287,Pirate_Bandana,99
2288,Mr_Scream,99
2289,Poo_Poo_Hat,99
2290,Funeral_Costume,99
2291,Masquerade,99
2292,Welding_Mask,5,10,18
2293,Pretend_Murdered,99
2294,Star_Dust,99
2295,Blinker,99
2296,Binoculars,3,11,19,20
2297,Goblini_Mask,99
2298,Green_Feeler,99
2299,Viking_Helm,1,5,6,7,10,12,14,17,18
2301,Cotton_Shirt,99
2302,Cotton_Shirt_,99
2303,Leather_Jacket,99
2304,Leather_Jacket_,99
2305,Adventure_Suit,99
2306,Adventurere's_Suit_,99
2307,Mantle,1,3,5,6,7,10,11,12,14,17,18,19,20,21
2308,Mantle_,1,3,5,6,7,10,11,12,14,17,18,19,20,21
2309,Coat,1,3,5,6,7,10,11,12,14,17,18,19,20,21
2310,Coat_,1,3,5,6,7,10,11,12,14,17,18,19,20,21
2311,Mink_Coat,1,2,3,4,5,6,7,8,9,10,11,12,14,15,16,17,18,19,20,21
2312,Padded_Armor,1,5,6,7,10,12,14,17,18
2313,Padded_Armor_,1,5,6,7,10,12,14,17,18
2314,Chain_Mail,1,5,6,7,10,12,14,17,18
2315,Chain_Mail_,1,5,6,7,10,12,14,17,18
2316,Plate_Armor,1,7,14,21
2317,Plate_Armor_,1,7,14,21
2318,Clothes_of_the_Lord,5,10,18
2319,Glittering_Clothes,5,10,18
2320,Formal_Suit,1,2,3,4,5,6,7,8,9,10,11,12,14,15,16,17,18,19,20,21
2321,Silk_Robe,1,2,3,4,5,6,7,8,9,10,11,12,14,15,16,17,18,19,20,21
2322,Silk_Robe_,1,2,3,4,5,6,7,8,9,10,11,12,14,15,16,17,18,19,20,21
2323,Scapulare,4,8,15
2324,Scapulare_,4,8,15
2325,Saint_Robe,1,4,5,7,8,10,14,15,18,21
2326,Saint_Robe_,1,4,5,7,8,10,14,15,18,21
2327,Holy_Robe,4,8,15
2328,Wooden_Mail,1,5,7,10,14,18,21
2329,Wooden_Mail_,1,5,7,10,14,18,21
2330,Tights,3,11,19,20
2331,Tights_,3,11,19,20
2332,Silver_Robe,2,9,16
2333,Silver_Robe_,2,9,16
2334,Mage_Coat,2,9,16
2335,Thief_Clothes,6,12,17
2336,Thief_Clothes_,6,12,17
2337,Ninja_Suit,6,12,17
2338,Wedding_Dress,1,2,3,4,5,6,7,8,9,10,11,12,14,15,16,17,18,19,20,21
2339,G_Strings,99
//2340,,ノービス専用胸当て,5,,,500,0,4,0,1,1,2,16,,50,,{},{}
//2341,,0,1,2,3,4,5,6,7,8,9,10,11,12,14,15,16,17,18,19,20,21
//2342,,0,1,2,3,4,5,6,7,8,9,10,11,12,14,15,16,17,18,19,20,21
//2343,,0,1,2,3,4,5,6,7,8,9,10,11,12,14,15,16,17,18,19,20,21
2401,Sandals,99
2402,Sandals_,99
2403,Shoes,1,2,3,4,5,6,7,8,9,10,11,12,14,15,16,17,18,19,20,21
2404,Shoes_,1,2,3,4,5,6,7,8,9,10,11,12,14,15,16,17,18,19,20,21
2405,Boots,1,3,5,6,7,10,11,12,14,17,18,19,20,21
2406,Boots_,1,3,5,6,7,10,11,12,14,17,18,19,20,21
2407,Chrystal_Pumps,1,2,3,4,5,6,7,8,9,10,11,12,14,15,16,17,18,19,20,21
2408,Cuffs,0,1,2,3,4,5,6,7,8,9,10,11,12,14,15,16,17,18,19,20,21
2409,Spiky_Heel,1,3,5,6,7,10,11,12,14,17,18,19,20,21
//2410,??,1,2,3,4,5,6,7,8,9,10,11,12,14,15,16,17,18,19,20,21
//2411,???,7,14,21
//2412,????,7,14,21
//2413,?????,1,7,14,21
2501,Hood,99
2502,Hood_,99
2503,Muffler,1,2,3,4,5,6,7,8,9,10,11,12,14,15,16,17,18,19,20,21
2504,Muffler_,1,2,3,4,5,6,7,8,9,10,11,12,14,15,16,17,18,19,20,21
2505,Manteau,1,5,6,7,10,12,14,17,18
2506,Manteau_,1,5,6,7,10,12,14,17,18
2507,Cape_Of_Ancient_Lord,1,2,3,4,5,6,7,8,9,10,11,12,14,15,16,17,18,19,20,21
2508,Ragamuffin_Cape,1,2,3,4,5,6,7,8,9,10,11,12,14,15,16,17,18,19,20,21
2601,Ring,1,2,3,4,5,6,7,8,9,10,11,12,14,15,16,17,18,19,20,21
2602,Earring,1,2,3,4,5,6,7,8,9,10,11,12,14,15,16,17,18,19,20,21
2603,Necklace,1,2,3,4,5,6,7,8,9,10,11,12,14,15,16,17,18,19,20,21
2604,Glove,1,2,3,4,5,6,7,8,9,10,11,12,14,15,16,17,18,19,20,21
2605,Brooch,1,2,3,4,5,6,7,8,9,10,11,12,14,15,16,17,18,19,20,21
2607,Clip,1,2,3,4,5,6,7,8,9,10,11,12,14,15,16,17,18,19,20,21
2608,Rosary,1,2,3,4,5,6,7,8,9,10,11,12,14,15,16,17,18,19,20,21
2609,Skul_Ring,99
2610,Gold_Ring,99
2611,Silver_Ring,99
2612,Flower_Ring,99
2613,Diamond_Ring,99
2614,an_Eye_of_Dullahan,1,2,3,4,5,6,7,8,9,10,11,12,14,15,16,17,18,19,20,21
2615,Safety_Ring,1,2,3,4,5,6,7,8,9,10,11,12,14,15,16,17,18,19,20,21
2616,Critical_Ring,1,2,3,4,5,6,7,8,9,10,11,12,14,15,16,17,18,19,20,21
2617,Mitten_of_Presbyter,1,2,3,4,5,6,7,8,9,10,11,12,14,15,16,17,18,19,20,21
2618,Matyr's_Flea_Guard,1,2,3,4,5,6,7,8,9,10,11,12,14,15,16,17,18,19,20,21
2619,Thimble_Of_Archer,3,11,19,20
2620,Ring_Of_Rogue,6,12,17
2621,Ring_,1,2,3,4,5,6,7,8,9,10,11,12,14,15,16,17,18,19,20,21
2622,Earring_,1,2,3,4,5,6,7,8,9,10,11,12,14,15,16,17,18,19,20,21
2623,Necklace_,1,2,3,4,5,6,7,8,9,10,11,12,14,15,16,17,18,19,20,21
2624,Glove_,1,2,3,4,5,6,7,8,9,10,11,12,14,15,16,17,18,19,20,21
2625,Brooch_,1,2,3,4,5,6,7,8,9,10,11,12,14,15,16,17,18,19,20,21
2626,Rosary_,1,2,3,4,5,6,7,8,9,10,11,12,14,15,16,17,18,19,20,21
2627,Belt_,1,2,3,4,5,6,7,8,9,10,11,12,14,15,16,17,18,19,20,21
2628,Novice_Armlet,0
2629,megin,1,2,3,4,5,6,7,8,9,10,11,12,14,15,16,17,18,19,20,21
2630,gamen,1,2,3,4,5,6,7,8,9,10,11,12,14,15,16,17,18,19,20,21
5001,Headset,99
5002,Gemmed_Crown,1,5,7,10,14,18
5003,Joker_Jester,99
5004,Oxygen_Mask,99
5005,Gas_Mask,99
5006,Machoman_Glasses,99
5007,Loard_Circlet,99
5008,Puppy_Love,99
5009,Safety_Helmet,99
5010,Indian_Hair_Piece,99
5011,Antenna,99
5012,Ph.D_Hat,99
5013,Horn_Of_Lord_Kaho,99
5014,Fin_Helm,1,7,14
5015,Egg_Shell,99
5016,Boy's_Cap,99
5017,Bone_Helm,1,5,7,10,14,18
5018,Feather_Bonnet,3,11,19,20
5019,Corsair,99
5020,Kafra_Hairband,99
5021,Money_Lose_Hat,99
5023,Bundle,5,10,18
5024,Cake_Hat,1,2,3,4,5,6,7,8,9,10,11,12,14,15,16,17,18,19,20,21
5025,Angel_Pitch,7,8,9,10,11,12,14,15,16,17,18,19,20,21
5026,Chef_Hat,1,2,3,4,5,6,7,8,9,10,11,12,14,15,16,17,18,19,20,21
5027,Wizard_Hat,2,9,16
5028,Candlelight,99
5029,Spore_Hat,99
5030,Panda_Hat,99
5031,Miner's_Helmet,99
5032,Outing_Hat,99
5033,Smokie_Hat,99
5034,Bulb_Band,99
5035,Poring_Hat,99
5036,Cross_Headbelt,99
5037,Fruit_Shell,99
5038,Deviruchi_Hat,99
5039,Mottled_Eggshell,99
5040,Ley,99
5041,Heart_Hairpin,99
5042,Chunlee_Hat,99
5043,Opera_Ghost_Mask,99
5044,Wing_Of_Demon,99
5045,Magic_Hat,99
5046,Bongun_Hat,99
5047,Fashion_Sunglasses,99
5048,Candle,99
5049,Striped_Bandana,99
5050,Mysterious_Fruit_Shell,99
5051,Cat_Drop,99
5052,Blue_Bandana,99
5053,Sphinx_Hat,1,7,14,21
